RandomForestClassifier10 - f1_score: 0.367
Classification Report:
             precision    recall  f1-score   support

          1       0.60      0.65      0.62       120
          2       0.37      0.48      0.42       120
          3       0.25      0.31      0.27       120
          4       0.39      0.38      0.39       120
          5       0.23      0.21      0.22       120
          6       0.33      0.26      0.29       120
          7       0.50      0.53      0.51       120
          8       0.21      0.17      0.19       120
          9       0.33      0.35      0.34       120
         10       0.42      0.33      0.37       120
         11       0.42      0.47      0.44       120
         12       0.46      0.42      0.44       120
         13       0.29      0.33      0.31       120
         14       0.37      0.31      0.33       120
         15       0.34      0.35      0.34       120

avg / total       0.37      0.37      0.37      1800

RandomForestClassifier20 - f1_score: 0.386
Classification Report:
             precision    recall  f1-score   support

          1       0.59      0.64      0.62       120
          2       0.41      0.57      0.48       120
          3       0.23      0.28      0.25       120
          4       0.44      0.39      0.42       120
          5       0.21      0.16      0.18       120
          6       0.43      0.33      0.38       120
          7       0.53      0.61      0.57       120
          8       0.25      0.13      0.17       120
          9       0.30      0.29      0.30       120
         10       0.43      0.40      0.42       120
         11       0.46      0.52      0.49       120
         12       0.46      0.44      0.45       120
         13       0.29      0.38      0.33       120
         14       0.40      0.35      0.37       120
         15       0.35      0.40      0.37       120

avg / total       0.39      0.39      0.39      1800

RandomForestClassifier30 - f1_score: 0.401
Classification Report:
             precision    recall  f1-score   support

          1       0.60      0.62      0.61       120
          2       0.42      0.58      0.49       120
          3       0.28      0.32      0.30       120
          4       0.46      0.43      0.44       120
          5       0.24      0.17      0.20       120
          6       0.37      0.24      0.29       120
          7       0.53      0.60      0.56       120
          8       0.36      0.21      0.26       120
          9       0.39      0.37      0.38       120
         10       0.44      0.40      0.42       120
         11       0.45      0.52      0.48       120
         12       0.46      0.42      0.44       120
         13       0.31      0.41      0.35       120
         14       0.41      0.38      0.40       120
         15       0.35      0.44      0.39       120

avg / total       0.40      0.41      0.40      1800

RandomForestClassifier40 - f1_score: 0.411
Classification Report:
             precision    recall  f1-score   support

          1       0.60      0.64      0.62       120
          2       0.40      0.55      0.46       120
          3       0.32      0.33      0.33       120
          4       0.47      0.43      0.45       120
          5       0.29      0.23      0.25       120
          6       0.45      0.28      0.35       120
          7       0.53      0.61      0.57       120
          8       0.34      0.18      0.24       120
          9       0.35      0.36      0.36       120
         10       0.45      0.45      0.45       120
         11       0.48      0.53      0.50       120
         12       0.48      0.45      0.46       120
         13       0.31      0.38      0.34       120
         14       0.39      0.40      0.40       120
         15       0.37      0.43      0.40       120

avg / total       0.41      0.42      0.41      1800

RandomForestClassifier50 - f1_score: 0.408
Classification Report:
             precision    recall  f1-score   support

          1       0.60      0.61      0.60       120
          2       0.41      0.54      0.47       120
          3       0.28      0.29      0.28       120
          4       0.47      0.45      0.46       120
          5       0.27      0.21      0.24       120
          6       0.44      0.30      0.36       120
          7       0.57      0.61      0.59       120
          8       0.33      0.16      0.21       120
          9       0.38      0.42      0.40       120
         10       0.45      0.44      0.45       120
         11       0.46      0.48      0.47       120
         12       0.49      0.50      0.49       120
         13       0.34      0.47      0.39       120
         14       0.37      0.33      0.35       120
         15       0.32      0.39      0.35       120

avg / total       0.41      0.41      0.41      1800

RandomForestClassifier60 - f1_score: 0.413
Classification Report:
             precision    recall  f1-score   support

          1       0.60      0.60      0.60       120
          2       0.41      0.54      0.47       120
          3       0.33      0.36      0.34       120
          4       0.46      0.41      0.43       120
          5       0.24      0.18      0.21       120
          6       0.42      0.29      0.34       120
          7       0.61      0.62      0.62       120
          8       0.28      0.14      0.19       120
          9       0.38      0.43      0.40       120
         10       0.44      0.43      0.44       120
         11       0.47      0.52      0.49       120
         12       0.55      0.54      0.55       120
         13       0.34      0.40      0.37       120
         14       0.38      0.40      0.39       120
         15       0.32      0.41      0.36       120

avg / total       0.42      0.42      0.41      1800

RandomForestClassifier70 - f1_score: 0.415
Classification Report:
             precision    recall  f1-score   support

          1       0.62      0.62      0.62       120
          2       0.41      0.57      0.48       120
          3       0.34      0.33      0.34       120
          4       0.46      0.43      0.45       120
          5       0.28      0.22      0.24       120
          6       0.42      0.28      0.34       120
          7       0.57      0.61      0.59       120
          8       0.32      0.17      0.23       120
          9       0.32      0.33      0.32       120
         10       0.50      0.52      0.51       120
         11       0.48      0.50      0.49       120
         12       0.46      0.50      0.48       120
         13       0.32      0.41      0.36       120
         14       0.41      0.38      0.40       120
         15       0.34      0.44      0.39       120

avg / total       0.42      0.42      0.42      1800

RandomForestClassifier80 - f1_score: 0.414
Classification Report:
             precision    recall  f1-score   support

          1       0.57      0.64      0.60       120
          2       0.42      0.58      0.49       120
          3       0.28      0.30      0.29       120
          4       0.46      0.39      0.42       120
          5       0.26      0.21      0.23       120
          6       0.42      0.31      0.36       120
          7       0.56      0.62      0.58       120
          8       0.35      0.20      0.26       120
          9       0.35      0.33      0.34       120
         10       0.52      0.47      0.49       120
         11       0.45      0.52      0.48       120
         12       0.51      0.52      0.51       120
         13       0.31      0.40      0.35       120
         14       0.43      0.41      0.42       120
         15       0.34      0.40      0.37       120

avg / total       0.42      0.42      0.41      1800

RandomForestClassifier90 - f1_score: 0.414
Classification Report:
             precision    recall  f1-score   support

          1       0.63      0.66      0.64       120
          2       0.40      0.56      0.47       120
          3       0.28      0.28      0.28       120
          4       0.47      0.42      0.45       120
          5       0.27      0.23      0.25       120
          6       0.45      0.30      0.36       120
          7       0.57      0.62      0.59       120
          8       0.31      0.15      0.20       120
          9       0.32      0.35      0.33       120
         10       0.45      0.44      0.45       120
         11       0.47      0.47      0.47       120
         12       0.48      0.49      0.49       120
         13       0.35      0.47      0.41       120
         14       0.46      0.42      0.44       120
         15       0.35      0.44      0.39       120

avg / total       0.42      0.42      0.41      1800

RandomForestClassifier100 - f1_score: 0.420
Classification Report:
             precision    recall  f1-score   support

          1       0.57      0.60      0.58       120
          2       0.40      0.57      0.47       120
          3       0.29      0.33      0.31       120
          4       0.51      0.46      0.48       120
          5       0.28      0.21      0.24       120
          6       0.47      0.32      0.38       120
          7       0.55      0.61      0.58       120
          8       0.32      0.16      0.21       120
          9       0.37      0.39      0.38       120
         10       0.51      0.48      0.50       120
         11       0.45      0.49      0.47       120
         12       0.50      0.51      0.51       120
         13       0.35      0.45      0.39       120
         14       0.45      0.41      0.43       120
         15       0.34      0.40      0.37       120

avg / total       0.42      0.43      0.42      1800

