RandomForestClassifier10 - f1_score: 0.335
Classification Report:
             precision    recall  f1-score   support

          1       0.52      0.62      0.56       120
          2       0.38      0.53      0.44       120
          3       0.22      0.22      0.22       120
          4       0.36      0.32      0.33       120
          5       0.21      0.18      0.20       120
          6       0.32      0.27      0.29       120
          7       0.47      0.57      0.52       120
          8       0.18      0.12      0.14       120
          9       0.32      0.28      0.30       120
         10       0.36      0.34      0.35       120
         11       0.41      0.44      0.43       120
         12       0.39      0.38      0.38       120
         13       0.22      0.25      0.24       120
         14       0.37      0.33      0.35       120
         15       0.29      0.30      0.29       120

avg / total       0.33      0.34      0.34      1800

RandomForestClassifier20 - f1_score: 0.370
Classification Report:
             precision    recall  f1-score   support

          1       0.60      0.65      0.62       120
          2       0.39      0.51      0.44       120
          3       0.23      0.22      0.22       120
          4       0.38      0.33      0.35       120
          5       0.18      0.16      0.17       120
          6       0.42      0.31      0.36       120
          7       0.53      0.63      0.58       120
          8       0.25      0.14      0.18       120
          9       0.37      0.36      0.37       120
         10       0.37      0.34      0.35       120
         11       0.42      0.52      0.46       120
         12       0.42      0.40      0.41       120
         13       0.28      0.32      0.30       120
         14       0.36      0.36      0.36       120
         15       0.33      0.42      0.37       120

avg / total       0.37      0.38      0.37      1800

RandomForestClassifier30 - f1_score: 0.380
Classification Report:
             precision    recall  f1-score   support

          1       0.55      0.64      0.59       120
          2       0.39      0.53      0.45       120
          3       0.30      0.29      0.29       120
          4       0.35      0.29      0.32       120
          5       0.20      0.16      0.18       120
          6       0.40      0.28      0.33       120
          7       0.51      0.55      0.53       120
          8       0.25      0.15      0.19       120
          9       0.39      0.41      0.40       120
         10       0.39      0.32      0.35       120
         11       0.40      0.48      0.44       120
         12       0.50      0.47      0.49       120
         13       0.35      0.42      0.39       120
         14       0.42      0.38      0.40       120
         15       0.31      0.42      0.36       120

avg / total       0.38      0.39      0.38      1800

RandomForestClassifier40 - f1_score: 0.398
Classification Report:
             precision    recall  f1-score   support

          1       0.62      0.63      0.63       120
          2       0.42      0.57      0.48       120
          3       0.24      0.23      0.24       120
          4       0.48      0.42      0.45       120
          5       0.22      0.16      0.19       120
          6       0.41      0.31      0.35       120
          7       0.52      0.57      0.55       120
          8       0.28      0.18      0.22       120
          9       0.38      0.43      0.40       120
         10       0.47      0.43      0.45       120
         11       0.47      0.53      0.50       120
         12       0.46      0.42      0.44       120
         13       0.34      0.42      0.37       120
         14       0.35      0.34      0.34       120
         15       0.33      0.41      0.36       120

avg / total       0.40      0.40      0.40      1800

RandomForestClassifier50 - f1_score: 0.402
Classification Report:
             precision    recall  f1-score   support

          1       0.58      0.69      0.63       120
          2       0.41      0.57      0.48       120
          3       0.25      0.27      0.26       120
          4       0.46      0.38      0.41       120
          5       0.22      0.14      0.17       120
          6       0.44      0.37      0.40       120
          7       0.58      0.63      0.61       120
          8       0.34      0.16      0.22       120
          9       0.37      0.39      0.38       120
         10       0.47      0.38      0.42       120
         11       0.43      0.52      0.47       120
         12       0.48      0.46      0.47       120
         13       0.31      0.40      0.35       120
         14       0.41      0.38      0.39       120
         15       0.33      0.42      0.37       120

avg / total       0.41      0.41      0.40      1800

RandomForestClassifier60 - f1_score: 0.416
Classification Report:
             precision    recall  f1-score   support

          1       0.55      0.63      0.59       120
          2       0.48      0.60      0.53       120
          3       0.28      0.29      0.28       120
          4       0.56      0.44      0.50       120
          5       0.22      0.17      0.19       120
          6       0.43      0.33      0.38       120
          7       0.52      0.63      0.57       120
          8       0.35      0.17      0.23       120
          9       0.38      0.38      0.38       120
         10       0.49      0.42      0.45       120
         11       0.47      0.53      0.50       120
         12       0.51      0.49      0.50       120
         13       0.35      0.42      0.38       120
         14       0.38      0.39      0.38       120
         15       0.32      0.44      0.37       120

avg / total       0.42      0.42      0.42      1800

RandomForestClassifier70 - f1_score: 0.423
Classification Report:
             precision    recall  f1-score   support

          1       0.55      0.64      0.59       120
          2       0.41      0.57      0.48       120
          3       0.37      0.39      0.38       120
          4       0.54      0.46      0.50       120
          5       0.30      0.22      0.25       120
          6       0.46      0.30      0.36       120
          7       0.56      0.62      0.59       120
          8       0.39      0.18      0.25       120
          9       0.38      0.39      0.38       120
         10       0.47      0.42      0.45       120
         11       0.47      0.56      0.51       120
         12       0.47      0.44      0.45       120
         13       0.38      0.47      0.42       120
         14       0.36      0.33      0.35       120
         15       0.35      0.45      0.39       120

avg / total       0.43      0.43      0.42      1800

RandomForestClassifier80 - f1_score: 0.426
Classification Report:
             precision    recall  f1-score   support

          1       0.58      0.68      0.62       120
          2       0.42      0.57      0.48       120
          3       0.33      0.33      0.33       120
          4       0.52      0.42      0.46       120
          5       0.28      0.22      0.24       120
          6       0.45      0.38      0.41       120
          7       0.57      0.66      0.61       120
          8       0.43      0.21      0.28       120
          9       0.35      0.36      0.35       120
         10       0.48      0.42      0.45       120
         11       0.49      0.52      0.50       120
         12       0.50      0.52      0.51       120
         13       0.34      0.45      0.39       120
         14       0.40      0.33      0.36       120
         15       0.33      0.42      0.37       120

avg / total       0.43      0.43      0.43      1800

RandomForestClassifier90 - f1_score: 0.411
Classification Report:
             precision    recall  f1-score   support

          1       0.55      0.65      0.60       120
          2       0.44      0.59      0.50       120
          3       0.31      0.26      0.28       120
          4       0.47      0.39      0.43       120
          5       0.21      0.16      0.18       120
          6       0.49      0.33      0.40       120
          7       0.55      0.57      0.56       120
          8       0.33      0.17      0.22       120
          9       0.37      0.41      0.39       120
         10       0.44      0.38      0.41       120
         11       0.48      0.56      0.52       120
         12       0.55      0.55      0.55       120
         13       0.34      0.46      0.39       120
         14       0.38      0.35      0.36       120
         15       0.32      0.46      0.38       120

avg / total       0.42      0.42      0.41      1800

RandomForestClassifier100 - f1_score: 0.421
Classification Report:
             precision    recall  f1-score   support

          1       0.58      0.68      0.63       120
          2       0.43      0.60      0.50       120
          3       0.29      0.31      0.30       120
          4       0.47      0.42      0.44       120
          5       0.21      0.13      0.16       120
          6       0.47      0.30      0.37       120
          7       0.62      0.68      0.65       120
          8       0.37      0.17      0.24       120
          9       0.44      0.47      0.46       120
         10       0.49      0.40      0.44       120
         11       0.46      0.55      0.50       120
         12       0.50      0.48      0.49       120
         13       0.32      0.43      0.37       120
         14       0.44      0.38      0.41       120
         15       0.32      0.44      0.37       120

avg / total       0.43      0.43      0.42      1800

