RandomForestClassifier10 - f1_score: 0.343
Classification Report:
             precision    recall  f1-score   support

          1       0.53      0.61      0.56       120
          2       0.36      0.44      0.39       120
          3       0.24      0.21      0.22       120
          4       0.34      0.25      0.29       120
          5       0.16      0.14      0.15       120
          6       0.28      0.23      0.25       120
          7       0.50      0.57      0.53       120
          8       0.25      0.17      0.20       120
          9       0.36      0.41      0.38       120
         10       0.33      0.30      0.32       120
         11       0.42      0.44      0.43       120
         12       0.43      0.41      0.42       120
         13       0.30      0.37      0.33       120
         14       0.32      0.35      0.34       120
         15       0.31      0.37      0.33       120

avg / total       0.34      0.35      0.34      1800

RandomForestClassifier20 - f1_score: 0.379
Classification Report:
             precision    recall  f1-score   support

          1       0.57      0.68      0.62       120
          2       0.41      0.52      0.46       120
          3       0.27      0.29      0.28       120
          4       0.37      0.31      0.33       120
          5       0.28      0.24      0.26       120
          6       0.42      0.30      0.35       120
          7       0.52      0.60      0.56       120
          8       0.27      0.15      0.19       120
          9       0.31      0.28      0.29       120
         10       0.48      0.39      0.43       120
         11       0.41      0.48      0.44       120
         12       0.45      0.44      0.45       120
         13       0.31      0.36      0.33       120
         14       0.36      0.36      0.36       120
         15       0.30      0.38      0.33       120

avg / total       0.38      0.39      0.38      1800

RandomForestClassifier30 - f1_score: 0.376
Classification Report:
             precision    recall  f1-score   support

          1       0.55      0.62      0.59       120
          2       0.36      0.51      0.42       120
          3       0.31      0.32      0.32       120
          4       0.39      0.33      0.35       120
          5       0.20      0.15      0.17       120
          6       0.43      0.31      0.36       120
          7       0.53      0.57      0.55       120
          8       0.28      0.13      0.18       120
          9       0.33      0.38      0.36       120
         10       0.42      0.37      0.39       120
         11       0.42      0.51      0.46       120
         12       0.46      0.43      0.44       120
         13       0.32      0.40      0.36       120
         14       0.36      0.30      0.33       120
         15       0.33      0.42      0.37       120

avg / total       0.38      0.38      0.38      1800

RandomForestClassifier40 - f1_score: 0.405
Classification Report:
             precision    recall  f1-score   support

          1       0.59      0.66      0.62       120
          2       0.37      0.57      0.45       120
          3       0.26      0.27      0.27       120
          4       0.48      0.33      0.39       120
          5       0.23      0.15      0.18       120
          6       0.45      0.32      0.37       120
          7       0.56      0.62      0.59       120
          8       0.33      0.11      0.16       120
          9       0.39      0.41      0.40       120
         10       0.45      0.42      0.44       120
         11       0.48      0.59      0.53       120
         12       0.47      0.47      0.47       120
         13       0.36      0.51      0.42       120
         14       0.42      0.35      0.38       120
         15       0.35      0.47      0.40       120

avg / total       0.41      0.42      0.40      1800

RandomForestClassifier50 - f1_score: 0.405
Classification Report:
             precision    recall  f1-score   support

          1       0.56      0.68      0.61       120
          2       0.41      0.58      0.48       120
          3       0.31      0.33      0.32       120
          4       0.50      0.37      0.42       120
          5       0.24      0.17      0.20       120
          6       0.42      0.28      0.33       120
          7       0.51      0.59      0.55       120
          8       0.39      0.17      0.23       120
          9       0.34      0.34      0.34       120
         10       0.46      0.42      0.44       120
         11       0.45      0.58      0.51       120
         12       0.49      0.47      0.48       120
         13       0.34      0.46      0.39       120
         14       0.41      0.37      0.39       120
         15       0.35      0.42      0.38       120

avg / total       0.41      0.41      0.41      1800

RandomForestClassifier60 - f1_score: 0.387
Classification Report:
             precision    recall  f1-score   support

          1       0.53      0.62      0.57       120
          2       0.40      0.59      0.48       120
          3       0.28      0.31      0.29       120
          4       0.40      0.33      0.36       120
          5       0.19      0.16      0.17       120
          6       0.40      0.29      0.34       120
          7       0.54      0.62      0.58       120
          8       0.37      0.14      0.20       120
          9       0.37      0.40      0.38       120
         10       0.42      0.38      0.40       120
         11       0.44      0.51      0.47       120
         12       0.51      0.47      0.49       120
         13       0.32      0.39      0.35       120
         14       0.41      0.38      0.39       120
         15       0.30      0.36      0.32       120

avg / total       0.39      0.40      0.39      1800

RandomForestClassifier70 - f1_score: 0.412
Classification Report:
             precision    recall  f1-score   support

          1       0.54      0.66      0.59       120
          2       0.47      0.63      0.54       120
          3       0.28      0.29      0.28       120
          4       0.48      0.38      0.42       120
          5       0.25      0.17      0.20       120
          6       0.44      0.36      0.39       120
          7       0.55      0.63      0.59       120
          8       0.41      0.15      0.22       120
          9       0.40      0.38      0.39       120
         10       0.45      0.40      0.42       120
         11       0.44      0.57      0.50       120
         12       0.53      0.53      0.53       120
         13       0.32      0.47      0.38       120
         14       0.39      0.31      0.34       120
         15       0.35      0.40      0.37       120

avg / total       0.42      0.42      0.41      1800

RandomForestClassifier80 - f1_score: 0.422
Classification Report:
             precision    recall  f1-score   support

          1       0.57      0.66      0.61       120
          2       0.41      0.62      0.49       120
          3       0.33      0.33      0.33       120
          4       0.52      0.38      0.44       120
          5       0.30      0.23      0.26       120
          6       0.43      0.32      0.37       120
          7       0.57      0.65      0.61       120
          8       0.42      0.18      0.26       120
          9       0.39      0.38      0.38       120
         10       0.51      0.41      0.45       120
         11       0.44      0.53      0.48       120
         12       0.48      0.50      0.49       120
         13       0.38      0.50      0.43       120
         14       0.38      0.33      0.35       120
         15       0.33      0.45      0.38       120

avg / total       0.43      0.43      0.42      1800

RandomForestClassifier90 - f1_score: 0.405
Classification Report:
             precision    recall  f1-score   support

          1       0.52      0.64      0.58       120
          2       0.40      0.58      0.47       120
          3       0.26      0.25      0.25       120
          4       0.49      0.38      0.43       120
          5       0.24      0.19      0.21       120
          6       0.44      0.32      0.37       120
          7       0.56      0.62      0.59       120
          8       0.36      0.13      0.19       120
          9       0.38      0.41      0.39       120
         10       0.54      0.38      0.44       120
         11       0.46      0.59      0.52       120
         12       0.47      0.47      0.48       120
         13       0.29      0.39      0.34       120
         14       0.44      0.38      0.41       120
         15       0.36      0.47      0.41       120

avg / total       0.41      0.41      0.41      1800

RandomForestClassifier100 - f1_score: 0.413
Classification Report:
             precision    recall  f1-score   support

          1       0.55      0.65      0.60       120
          2       0.41      0.59      0.48       120
          3       0.32      0.33      0.32       120
          4       0.47      0.33      0.39       120
          5       0.25      0.17      0.20       120
          6       0.47      0.30      0.37       120
          7       0.58      0.65      0.61       120
          8       0.38      0.15      0.21       120
          9       0.37      0.38      0.37       120
         10       0.47      0.38      0.42       120
         11       0.50      0.62      0.56       120
         12       0.48      0.50      0.49       120
         13       0.32      0.45      0.38       120
         14       0.44      0.39      0.41       120
         15       0.33      0.43      0.37       120

avg / total       0.42      0.42      0.41      1800

