RandomForestClassifier10 - f1_score: 0.332
Classification Report:
             precision    recall  f1-score   support

          1       0.58      0.60      0.59       120
          2       0.34      0.44      0.38       120
          3       0.27      0.24      0.26       120
          4       0.31      0.32      0.32       120
          5       0.17      0.17      0.17       120
          6       0.30      0.25      0.27       120
          7       0.47      0.53      0.49       120
          8       0.24      0.15      0.19       120
          9       0.25      0.25      0.25       120
         10       0.34      0.32      0.33       120
         11       0.41      0.47      0.44       120
         12       0.42      0.42      0.42       120
         13       0.23      0.25      0.24       120
         14       0.32      0.31      0.31       120
         15       0.32      0.33      0.33       120

avg / total       0.33      0.34      0.33      1800

RandomForestClassifier20 - f1_score: 0.375
Classification Report:
             precision    recall  f1-score   support

          1       0.59      0.68      0.63       120
          2       0.40      0.50      0.45       120
          3       0.18      0.18      0.18       120
          4       0.45      0.41      0.43       120
          5       0.23      0.19      0.21       120
          6       0.37      0.31      0.34       120
          7       0.52      0.63      0.57       120
          8       0.30      0.20      0.24       120
          9       0.37      0.33      0.35       120
         10       0.41      0.38      0.39       120
         11       0.44      0.49      0.47       120
         12       0.42      0.43      0.43       120
         13       0.27      0.30      0.29       120
         14       0.37      0.32      0.34       120
         15       0.30      0.36      0.33       120

avg / total       0.37      0.38      0.38      1800

RandomForestClassifier30 - f1_score: 0.382
Classification Report:
             precision    recall  f1-score   support

          1       0.58      0.65      0.61       120
          2       0.40      0.53      0.46       120
          3       0.29      0.33      0.31       120
          4       0.43      0.36      0.39       120
          5       0.23      0.16      0.19       120
          6       0.38      0.25      0.30       120
          7       0.54      0.61      0.57       120
          8       0.27      0.15      0.19       120
          9       0.36      0.33      0.34       120
         10       0.44      0.42      0.43       120
         11       0.46      0.57      0.51       120
         12       0.40      0.44      0.42       120
         13       0.25      0.32      0.28       120
         14       0.40      0.40      0.40       120
         15       0.32      0.35      0.33       120

avg / total       0.38      0.39      0.38      1800

RandomForestClassifier40 - f1_score: 0.402
Classification Report:
             precision    recall  f1-score   support

          1       0.55      0.66      0.60       120
          2       0.41      0.60      0.49       120
          3       0.29      0.28      0.29       120
          4       0.42      0.33      0.37       120
          5       0.27      0.19      0.22       120
          6       0.43      0.30      0.35       120
          7       0.53      0.68      0.59       120
          8       0.34      0.14      0.20       120
          9       0.37      0.34      0.36       120
         10       0.49      0.41      0.45       120
         11       0.43      0.53      0.48       120
         12       0.49      0.52      0.50       120
         13       0.33      0.41      0.37       120
         14       0.42      0.40      0.41       120
         15       0.31      0.40      0.35       120

avg / total       0.41      0.41      0.40      1800

RandomForestClassifier50 - f1_score: 0.414
Classification Report:
             precision    recall  f1-score   support

          1       0.58      0.69      0.63       120
          2       0.40      0.57      0.47       120
          3       0.32      0.39      0.35       120
          4       0.48      0.41      0.44       120
          5       0.30      0.21      0.25       120
          6       0.46      0.31      0.37       120
          7       0.56      0.59      0.57       120
          8       0.33      0.16      0.21       120
          9       0.42      0.45      0.43       120
         10       0.50      0.42      0.45       120
         11       0.45      0.54      0.49       120
         12       0.46      0.47      0.46       120
         13       0.33      0.42      0.37       120
         14       0.40      0.33      0.37       120
         15       0.31      0.37      0.34       120

avg / total       0.42      0.42      0.41      1800

RandomForestClassifier60 - f1_score: 0.408
Classification Report:
             precision    recall  f1-score   support

          1       0.57      0.67      0.61       120
          2       0.43      0.60      0.50       120
          3       0.32      0.34      0.33       120
          4       0.41      0.33      0.37       120
          5       0.19      0.12      0.15       120
          6       0.44      0.33      0.38       120
          7       0.55      0.61      0.58       120
          8       0.31      0.14      0.19       120
          9       0.38      0.40      0.39       120
         10       0.48      0.42      0.45       120
         11       0.47      0.60      0.53       120
         12       0.45      0.42      0.43       120
         13       0.36      0.46      0.40       120
         14       0.42      0.39      0.41       120
         15       0.35      0.44      0.39       120

avg / total       0.41      0.42      0.41      1800

RandomForestClassifier70 - f1_score: 0.418
Classification Report:
             precision    recall  f1-score   support

          1       0.56      0.66      0.61       120
          2       0.42      0.60      0.49       120
          3       0.30      0.30      0.30       120
          4       0.51      0.42      0.46       120
          5       0.26      0.17      0.21       120
          6       0.45      0.31      0.36       120
          7       0.59      0.63      0.61       120
          8       0.42      0.18      0.26       120
          9       0.40      0.42      0.41       120
         10       0.47      0.43      0.45       120
         11       0.44      0.53      0.48       120
         12       0.48      0.50      0.49       120
         13       0.35      0.46      0.40       120
         14       0.42      0.37      0.39       120
         15       0.31      0.42      0.36       120

avg / total       0.43      0.43      0.42      1800

RandomForestClassifier80 - f1_score: 0.409
Classification Report:
             precision    recall  f1-score   support

          1       0.56      0.66      0.61       120
          2       0.44      0.59      0.50       120
          3       0.27      0.31      0.29       120
          4       0.42      0.35      0.38       120
          5       0.21      0.17      0.18       120
          6       0.46      0.29      0.36       120
          7       0.56      0.62      0.59       120
          8       0.37      0.16      0.22       120
          9       0.41      0.43      0.42       120
         10       0.51      0.40      0.45       120
         11       0.45      0.57      0.50       120
         12       0.48      0.48      0.48       120
         13       0.34      0.45      0.38       120
         14       0.44      0.39      0.41       120
         15       0.33      0.38      0.36       120

avg / total       0.42      0.42      0.41      1800

RandomForestClassifier90 - f1_score: 0.434
Classification Report:
             precision    recall  f1-score   support

          1       0.58      0.70      0.63       120
          2       0.42      0.59      0.49       120
          3       0.30      0.30      0.30       120
          4       0.46      0.38      0.41       120
          5       0.29      0.25      0.27       120
          6       0.46      0.34      0.39       120
          7       0.55      0.63      0.59       120
          8       0.43      0.22      0.29       120
          9       0.42      0.44      0.43       120
         10       0.45      0.35      0.39       120
         11       0.51      0.61      0.56       120
         12       0.47      0.47      0.47       120
         13       0.39      0.48      0.43       120
         14       0.49      0.41      0.44       120
         15       0.36      0.45      0.40       120

avg / total       0.44      0.44      0.43      1800

RandomForestClassifier100 - f1_score: 0.406
Classification Report:
             precision    recall  f1-score   support

          1       0.54      0.67      0.60       120
          2       0.40      0.56      0.47       120
          3       0.32      0.36      0.34       120
          4       0.51      0.41      0.45       120
          5       0.21      0.16      0.18       120
          6       0.41      0.27      0.32       120
          7       0.54      0.62      0.57       120
          8       0.45      0.19      0.27       120
          9       0.38      0.42      0.40       120
         10       0.44      0.35      0.39       120
         11       0.48      0.57      0.52       120
         12       0.49      0.44      0.46       120
         13       0.33      0.49      0.40       120
         14       0.41      0.31      0.35       120
         15       0.34      0.42      0.37       120

avg / total       0.42      0.41      0.41      1800

