RandomForestClassifier10 - f1_score: 0.282
Classification Report:
             precision    recall  f1-score   support

          1       0.39      0.62      0.48       120
          2       0.25      0.45      0.32       120
          3       0.21      0.20      0.21       120
          4       0.25      0.14      0.18       120
          5       0.25      0.11      0.15       120
          6       0.35      0.15      0.21       120
          7       0.44      0.65      0.52       120
          8       0.37      0.06      0.10       120
          9       0.30      0.15      0.20       120
         10       0.28      0.23      0.25       120
         11       0.35      0.68      0.46       120
         12       0.35      0.38      0.36       120
         13       0.24      0.36      0.29       120
         14       0.27      0.16      0.20       120
         15       0.27      0.33      0.30       120

avg / total       0.30      0.31      0.28      1800

RandomForestClassifier20 - f1_score: 0.280
Classification Report:
             precision    recall  f1-score   support

          1       0.39      0.68      0.50       120
          2       0.30      0.54      0.39       120
          3       0.31      0.23      0.27       120
          4       0.19      0.09      0.12       120
          5       0.25      0.14      0.18       120
          6       0.36      0.14      0.20       120
          7       0.45      0.68      0.54       120
          8       0.33      0.03      0.05       120
          9       0.24      0.19      0.21       120
         10       0.30      0.20      0.24       120
         11       0.36      0.60      0.45       120
         12       0.33      0.33      0.33       120
         13       0.23      0.41      0.30       120
         14       0.19      0.07      0.10       120
         15       0.28      0.40      0.33       120

avg / total       0.30      0.32      0.28      1800

RandomForestClassifier30 - f1_score: 0.295
Classification Report:
             precision    recall  f1-score   support

          1       0.42      0.70      0.53       120
          2       0.31      0.60      0.40       120
          3       0.20      0.16      0.18       120
          4       0.43      0.16      0.23       120
          5       0.27      0.12      0.17       120
          6       0.37      0.18      0.25       120
          7       0.43      0.69      0.53       120
          8       0.43      0.03      0.05       120
          9       0.25      0.21      0.23       120
         10       0.36      0.21      0.26       120
         11       0.38      0.59      0.46       120
         12       0.32      0.35      0.33       120
         13       0.25      0.42      0.31       120
         14       0.29      0.12      0.18       120
         15       0.27      0.37      0.31       120

avg / total       0.33      0.33      0.29      1800

RandomForestClassifier40 - f1_score: 0.292
Classification Report:
             precision    recall  f1-score   support

          1       0.39      0.65      0.49       120
          2       0.30      0.56      0.39       120
          3       0.26      0.23      0.24       120
          4       0.33      0.12      0.18       120
          5       0.23      0.12      0.16       120
          6       0.34      0.14      0.20       120
          7       0.44      0.68      0.53       120
          8       0.45      0.04      0.08       120
          9       0.29      0.19      0.23       120
         10       0.36      0.26      0.30       120
         11       0.36      0.62      0.45       120
         12       0.35      0.38      0.36       120
         13       0.25      0.43      0.32       120
         14       0.28      0.11      0.16       120
         15       0.26      0.34      0.29       120

avg / total       0.33      0.33      0.29      1800

RandomForestClassifier50 - f1_score: 0.300
Classification Report:
             precision    recall  f1-score   support

          1       0.40      0.68      0.50       120
          2       0.30      0.60      0.40       120
          3       0.20      0.15      0.17       120
          4       0.35      0.12      0.18       120
          5       0.30      0.15      0.20       120
          6       0.42      0.21      0.28       120
          7       0.44      0.69      0.54       120
          8       0.45      0.04      0.08       120
          9       0.29      0.20      0.24       120
         10       0.34      0.23      0.27       120
         11       0.38      0.62      0.47       120
         12       0.35      0.38      0.37       120
         13       0.25      0.42      0.32       120
         14       0.31      0.09      0.14       120
         15       0.29      0.43      0.35       120

avg / total       0.34      0.34      0.30      1800

RandomForestClassifier60 - f1_score: 0.307
Classification Report:
             precision    recall  f1-score   support

          1       0.41      0.66      0.51       120
          2       0.30      0.55      0.39       120
          3       0.26      0.26      0.26       120
          4       0.34      0.12      0.18       120
          5       0.31      0.20      0.24       120
          6       0.37      0.18      0.24       120
          7       0.46      0.70      0.55       120
          8       0.45      0.04      0.08       120
          9       0.31      0.17      0.22       120
         10       0.38      0.21      0.27       120
         11       0.36      0.66      0.46       120
         12       0.34      0.38      0.36       120
         13       0.26      0.47      0.33       120
         14       0.33      0.11      0.16       120
         15       0.31      0.38      0.34       120

avg / total       0.35      0.34      0.31      1800

RandomForestClassifier70 - f1_score: 0.300
Classification Report:
             precision    recall  f1-score   support

          1       0.41      0.68      0.51       120
          2       0.30      0.62      0.41       120
          3       0.22      0.14      0.17       120
          4       0.30      0.11      0.16       120
          5       0.26      0.21      0.23       120
          6       0.44      0.18      0.26       120
          7       0.45      0.70      0.55       120
          8       0.50      0.06      0.10       120
          9       0.28      0.20      0.23       120
         10       0.37      0.19      0.25       120
         11       0.39      0.61      0.47       120
         12       0.34      0.39      0.37       120
         13       0.24      0.39      0.30       120
         14       0.37      0.11      0.17       120
         15       0.26      0.40      0.32       120

avg / total       0.34      0.33      0.30      1800

RandomForestClassifier80 - f1_score: 0.305
Classification Report:
             precision    recall  f1-score   support

          1       0.42      0.68      0.52       120
          2       0.29      0.59      0.39       120
          3       0.22      0.18      0.20       120
          4       0.38      0.14      0.21       120
          5       0.25      0.14      0.18       120
          6       0.39      0.16      0.22       120
          7       0.45      0.68      0.54       120
          8       0.56      0.04      0.08       120
          9       0.28      0.24      0.26       120
         10       0.36      0.23      0.28       120
         11       0.41      0.64      0.50       120
         12       0.36      0.38      0.37       120
         13       0.24      0.41      0.30       120
         14       0.38      0.12      0.19       120
         15       0.29      0.42      0.34       120

avg / total       0.35      0.34      0.30      1800

RandomForestClassifier90 - f1_score: 0.293
Classification Report:
             precision    recall  f1-score   support

          1       0.39      0.65      0.49       120
          2       0.33      0.60      0.43       120
          3       0.27      0.24      0.25       120
          4       0.26      0.12      0.16       120
          5       0.25      0.17      0.20       120
          6       0.37      0.16      0.22       120
          7       0.45      0.69      0.54       120
          8       0.33      0.02      0.03       120
          9       0.28      0.17      0.22       120
         10       0.33      0.19      0.24       120
         11       0.35      0.61      0.45       120
         12       0.34      0.38      0.36       120
         13       0.26      0.47      0.33       120
         14       0.29      0.10      0.15       120
         15       0.29      0.38      0.33       120

avg / total       0.32      0.33      0.29      1800

RandomForestClassifier100 - f1_score: 0.294
Classification Report:
             precision    recall  f1-score   support

          1       0.39      0.67      0.50       120
          2       0.29      0.53      0.37       120
          3       0.24      0.20      0.22       120
          4       0.28      0.13      0.18       120
          5       0.26      0.13      0.18       120
          6       0.42      0.17      0.24       120
          7       0.46      0.69      0.55       120
          8       0.33      0.02      0.03       120
          9       0.26      0.18      0.21       120
         10       0.34      0.25      0.29       120
         11       0.39      0.68      0.50       120
         12       0.38      0.38      0.38       120
         13       0.24      0.44      0.31       120
         14       0.23      0.07      0.10       120
         15       0.31      0.42      0.35       120

avg / total       0.32      0.33      0.29      1800

