RandomForestClassifier10 - f1_score: 0.315
Classification Report:
             precision    recall  f1-score   support

          1       0.50      0.59      0.54       120
          2       0.33      0.43      0.37       120
          3       0.22      0.23      0.22       120
          4       0.31      0.30      0.30       120
          5       0.15      0.14      0.14       120
          6       0.24      0.18      0.21       120
          7       0.44      0.55      0.49       120
          8       0.16      0.09      0.12       120
          9       0.27      0.26      0.26       120
         10       0.36      0.36      0.36       120
         11       0.39      0.42      0.40       120
         12       0.44      0.39      0.41       120
         13       0.23      0.24      0.24       120
         14       0.34      0.31      0.32       120
         15       0.31      0.33      0.32       120

avg / total       0.31      0.32      0.31      1800

RandomForestClassifier20 - f1_score: 0.367
Classification Report:
             precision    recall  f1-score   support

          1       0.54      0.68      0.60       120
          2       0.38      0.47      0.42       120
          3       0.26      0.26      0.26       120
          4       0.42      0.35      0.38       120
          5       0.17      0.15      0.16       120
          6       0.36      0.27      0.31       120
          7       0.57      0.61      0.59       120
          8       0.23      0.15      0.18       120
          9       0.35      0.36      0.35       120
         10       0.36      0.35      0.35       120
         11       0.45      0.54      0.49       120
         12       0.49      0.50      0.49       120
         13       0.28      0.30      0.29       120
         14       0.35      0.32      0.33       120
         15       0.28      0.31      0.29       120

avg / total       0.37      0.37      0.37      1800

RandomForestClassifier30 - f1_score: 0.375
Classification Report:
             precision    recall  f1-score   support

          1       0.57      0.62      0.60       120
          2       0.38      0.54      0.45       120
          3       0.23      0.23      0.23       120
          4       0.48      0.42      0.44       120
          5       0.18      0.14      0.16       120
          6       0.39      0.28      0.32       120
          7       0.49      0.61      0.54       120
          8       0.34      0.16      0.22       120
          9       0.32      0.29      0.31       120
         10       0.38      0.34      0.36       120
         11       0.44      0.60      0.51       120
         12       0.44      0.45      0.44       120
         13       0.33      0.36      0.35       120
         14       0.36      0.37      0.37       120
         15       0.32      0.37      0.34       120

avg / total       0.38      0.38      0.38      1800

RandomForestClassifier40 - f1_score: 0.393
Classification Report:
             precision    recall  f1-score   support

          1       0.57      0.67      0.62       120
          2       0.41      0.58      0.48       120
          3       0.31      0.33      0.32       120
          4       0.41      0.32      0.36       120
          5       0.17      0.14      0.16       120
          6       0.42      0.27      0.33       120
          7       0.52      0.62      0.57       120
          8       0.39      0.21      0.27       120
          9       0.36      0.33      0.35       120
         10       0.42      0.33      0.37       120
         11       0.41      0.54      0.47       120
         12       0.48      0.47      0.47       120
         13       0.35      0.42      0.39       120
         14       0.34      0.35      0.35       120
         15       0.38      0.47      0.42       120

avg / total       0.40      0.40      0.39      1800

RandomForestClassifier50 - f1_score: 0.409
Classification Report:
             precision    recall  f1-score   support

          1       0.56      0.65      0.60       120
          2       0.42      0.58      0.49       120
          3       0.34      0.32      0.33       120
          4       0.44      0.38      0.41       120
          5       0.28      0.23      0.25       120
          6       0.45      0.33      0.38       120
          7       0.53      0.62      0.57       120
          8       0.36      0.17      0.24       120
          9       0.40      0.39      0.39       120
         10       0.45      0.41      0.43       120
         11       0.42      0.55      0.48       120
         12       0.48      0.45      0.47       120
         13       0.32      0.38      0.35       120
         14       0.43      0.42      0.42       120
         15       0.30      0.36      0.33       120

avg / total       0.41      0.42      0.41      1800

RandomForestClassifier60 - f1_score: 0.396
Classification Report:
             precision    recall  f1-score   support

          1       0.55      0.66      0.60       120
          2       0.40      0.55      0.46       120
          3       0.27      0.28      0.27       120
          4       0.50      0.38      0.43       120
          5       0.24      0.17      0.20       120
          6       0.41      0.30      0.35       120
          7       0.52      0.63      0.57       120
          8       0.39      0.17      0.24       120
          9       0.36      0.34      0.35       120
         10       0.46      0.40      0.43       120
         11       0.43      0.55      0.48       120
         12       0.47      0.45      0.46       120
         13       0.30      0.42      0.35       120
         14       0.43      0.38      0.40       120
         15       0.31      0.36      0.33       120

avg / total       0.40      0.40      0.40      1800

RandomForestClassifier70 - f1_score: 0.412
Classification Report:
             precision    recall  f1-score   support

          1       0.56      0.66      0.61       120
          2       0.41      0.59      0.49       120
          3       0.31      0.29      0.30       120
          4       0.49      0.36      0.41       120
          5       0.27      0.19      0.22       120
          6       0.39      0.33      0.36       120
          7       0.52      0.62      0.57       120
          8       0.37      0.15      0.21       120
          9       0.40      0.39      0.39       120
         10       0.48      0.44      0.46       120
         11       0.47      0.58      0.52       120
         12       0.50      0.47      0.48       120
         13       0.33      0.44      0.38       120
         14       0.40      0.38      0.39       120
         15       0.35      0.42      0.38       120

avg / total       0.42      0.42      0.41      1800

RandomForestClassifier80 - f1_score: 0.407
Classification Report:
             precision    recall  f1-score   support

          1       0.58      0.65      0.61       120
          2       0.41      0.58      0.48       120
          3       0.29      0.28      0.28       120
          4       0.48      0.38      0.43       120
          5       0.25      0.20      0.22       120
          6       0.43      0.28      0.34       120
          7       0.56      0.62      0.59       120
          8       0.40      0.16      0.23       120
          9       0.35      0.37      0.36       120
         10       0.48      0.42      0.45       120
         11       0.46      0.54      0.50       120
         12       0.48      0.49      0.49       120
         13       0.35      0.47      0.40       120
         14       0.37      0.34      0.35       120
         15       0.33      0.43      0.38       120

avg / total       0.41      0.41      0.41      1800

RandomForestClassifier90 - f1_score: 0.417
Classification Report:
             precision    recall  f1-score   support

          1       0.56      0.68      0.61       120
          2       0.40      0.61      0.48       120
          3       0.28      0.29      0.29       120
          4       0.51      0.41      0.45       120
          5       0.28      0.21      0.24       120
          6       0.46      0.33      0.38       120
          7       0.55      0.64      0.59       120
          8       0.35      0.15      0.21       120
          9       0.38      0.40      0.39       120
         10       0.49      0.38      0.42       120
         11       0.49      0.59      0.54       120
         12       0.50      0.47      0.49       120
         13       0.32      0.44      0.37       120
         14       0.46      0.36      0.40       120
         15       0.35      0.44      0.39       120

avg / total       0.43      0.43      0.42      1800

RandomForestClassifier100 - f1_score: 0.416
Classification Report:
             precision    recall  f1-score   support

          1       0.58      0.70      0.63       120
          2       0.45      0.64      0.53       120
          3       0.29      0.27      0.28       120
          4       0.56      0.33      0.42       120
          5       0.25      0.17      0.20       120
          6       0.42      0.33      0.37       120
          7       0.55      0.62      0.58       120
          8       0.47      0.17      0.25       120
          9       0.37      0.39      0.38       120
         10       0.50      0.40      0.44       120
         11       0.46      0.54      0.50       120
         12       0.49      0.47      0.48       120
         13       0.33      0.50      0.40       120
         14       0.42      0.36      0.39       120
         15       0.32      0.48      0.38       120

avg / total       0.43      0.43      0.42      1800

