LinearSVC - f1_score: 0.317
Classification Report:
             precision    recall  f1-score   support

          1       0.41      0.80      0.55       120
          2       0.35      0.45      0.39       120
          3       0.37      0.23      0.29       120
          4       0.20      0.16      0.18       120
          5       0.06      0.01      0.01       120
          6       0.29      0.18      0.22       120
          7       0.45      0.67      0.54       120
          8       0.30      0.10      0.15       120
          9       0.41      0.32      0.36       120
         10       0.35      0.58      0.44       120
         11       0.38      0.58      0.46       120
         12       0.32      0.54      0.40       120
         13       0.34      0.27      0.30       120
         14       0.25      0.17      0.20       120
         15       0.33      0.22      0.26       120

avg / total       0.32      0.35      0.32      1800

GaussianNB - f1_score: 0.302
Classification Report:
             precision    recall  f1-score   support

          1       0.54      0.54      0.54       120
          2       0.27      0.74      0.39       120
          3       0.22      0.18      0.20       120
          4       0.38      0.11      0.17       120
          5       0.13      0.10      0.11       120
          6       0.50      0.16      0.24       120
          7       0.46      0.61      0.52       120
          8       0.36      0.11      0.17       120
          9       0.33      0.30      0.32       120
         10       0.38      0.31      0.34       120
         11       0.40      0.51      0.45       120
         12       0.35      0.32      0.33       120
         13       0.27      0.40      0.32       120
         14       0.17      0.04      0.07       120
         15       0.28      0.50      0.36       120

avg / total       0.34      0.33      0.30      1800

SVC - f1_score: 0.438
Classification Report:
             precision    recall  f1-score   support

          1       0.59      0.68      0.63       120
          2       0.46      0.62      0.53       120
          3       0.31      0.37      0.34       120
          4       0.51      0.45      0.48       120
          5       0.24      0.17      0.20       120
          6       0.48      0.28      0.35       120
          7       0.59      0.60      0.59       120
          8       0.37      0.22      0.27       120
          9       0.42      0.48      0.45       120
         10       0.46      0.44      0.45       120
         11       0.50      0.54      0.52       120
         12       0.60      0.54      0.57       120
         13       0.36      0.48      0.42       120
         14       0.44      0.42      0.43       120
         15       0.33      0.39      0.36       120

avg / total       0.44      0.45      0.44      1800

LogisticRegression - f1_score: 0.335
Classification Report:
             precision    recall  f1-score   support

          1       0.51      0.71      0.59       120
          2       0.33      0.46      0.39       120
          3       0.29      0.28      0.29       120
          4       0.27      0.17      0.21       120
          5       0.08      0.04      0.05       120
          6       0.24      0.23      0.23       120
          7       0.49      0.60      0.54       120
          8       0.27      0.17      0.21       120
          9       0.37      0.34      0.35       120
         10       0.37      0.47      0.41       120
         11       0.42      0.47      0.44       120
         12       0.36      0.49      0.41       120
         13       0.35      0.34      0.35       120
         14       0.27      0.24      0.25       120
         15       0.35      0.24      0.29       120

avg / total       0.33      0.35      0.34      1800

