LinearSVC - f1_score: 0.248
Classification Report:
             precision    recall  f1-score   support

          1       0.46      0.68      0.55       120
          2       0.39      0.49      0.44       120
          3       0.26      0.52      0.35       120
          4       0.11      0.08      0.09       120
          5       0.28      0.06      0.10       120
          6       0.20      0.28      0.24       120
          7       0.44      0.55      0.49       120
          8       0.17      0.19      0.18       120
          9       0.18      0.14      0.16       120
         10       0.14      0.15      0.15       120
         11       0.27      0.28      0.27       120
         12       0.16      0.09      0.12       120
         13       0.25      0.10      0.14       120
         14       0.35      0.33      0.34       120
         15       0.14      0.11      0.12       120

avg / total       0.25      0.27      0.25      1800

GaussianNB - f1_score: 0.273
Classification Report:
             precision    recall  f1-score   support

          1       0.33      0.37      0.35       120
          2       0.32      0.59      0.42       120
          3       0.31      0.54      0.40       120
          4       0.45      0.07      0.13       120
          5       0.10      0.02      0.03       120
          6       0.22      0.18      0.20       120
          7       0.41      0.68      0.51       120
          8       0.20      0.12      0.15       120
          9       0.17      0.23      0.20       120
         10       0.29      0.23      0.25       120
         11       0.46      0.27      0.34       120
         12       0.35      0.43      0.39       120
         13       0.33      0.12      0.17       120
         14       0.34      0.62      0.44       120
         15       0.15      0.12      0.13       120

avg / total       0.30      0.31      0.27      1800

SVC - f1_score: 0.327
Classification Report:
             precision    recall  f1-score   support

          1       0.46      0.64      0.54       120
          2       0.36      0.58      0.45       120
          3       0.46      0.54      0.50       120
          4       0.07      0.01      0.01       120
          5       0.27      0.03      0.05       120
          6       0.30      0.46      0.36       120
          7       0.47      0.69      0.56       120
          8       0.25      0.12      0.16       120
          9       0.20      0.37      0.26       120
         10       0.32      0.29      0.30       120
         11       0.58      0.32      0.41       120
         12       0.45      0.47      0.46       120
         13       0.23      0.20      0.21       120
         14       0.44      0.49      0.47       120
         15       0.19      0.15      0.17       120

avg / total       0.34      0.36      0.33      1800

LogisticRegression - f1_score: 0.271
Classification Report:
             precision    recall  f1-score   support

          1       0.47      0.71      0.57       120
          2       0.41      0.61      0.49       120
          3       0.33      0.43      0.37       120
          4       0.14      0.09      0.11       120
          5       0.12      0.10      0.11       120
          6       0.20      0.20      0.20       120
          7       0.52      0.57      0.54       120
          8       0.15      0.14      0.15       120
          9       0.19      0.22      0.20       120
         10       0.18      0.15      0.16       120
         11       0.30      0.27      0.28       120
         12       0.20      0.15      0.17       120
         13       0.20      0.13      0.16       120
         14       0.40      0.38      0.39       120
         15       0.17      0.16      0.16       120

avg / total       0.27      0.29      0.27      1800

